35,0,9.1,5.4,2.0,0.2,0.2857142857142857,0.22857142857142856,.576,.000,.609,26.9,0.5555555555555556,8,0
42,13,24.4,14.4,1.6,3.0,0.8333333333333334,0.09523809523809523,.481,.445,.852,27.0,0.43478260869565216,9,0
15,0,15.3,7.3,0.9,3.3,0.9333333333333333,0.06666666666666667,.513,.400,.778,19.7,0.6458333333333334,3,0
46,14,22.3,8.4,2.9,1.3,0.6304347826086957,0.1956521739130435,.486,.250,.758,17.7,0.3695652173913043,11,0
44,1,17.6,7.6,1.6,3.1,0.7272727272727273,0.11363636363636363,.462,.383,.845,17.9,0.7916666666666666,1,0
31,13,22.2,8.0,5.5,1.0,0.5161290322580645,0.6774193548387096,.485,.231,.704,19.2,0.3111111111111111,11,0
33,0,14.4,4.0,3.0,0.5,0.48484848484848486,0.5454545454545454,.457,.000,.458,15.8,0.2916666666666667,13,0
21,0,12.6,2.3,3.6,0.5,0.5714285714285714,0.7142857142857143,.442,,.500,12.6,0.4583333333333333,7,0
41,41,38.0,17.9,3.3,10.1,1.4634146341463414,0.14634146341463414,.410,.328,.828,23.1,0.38,10,0
45,45,34.6,16.4,4.3,3.9,1.6666666666666667,0.3111111111111111,.482,.410,.718,19.3,0.7872340425531915,1,0
22,11,20.1,6.7,2.3,2.0,0.8636363636363636,0.3181818181818182,.469,.188,.735,17.5,0.6666666666666666,4,0
31,0,14.5,5.1,1.0,2.6,0.7096774193548387,0.12903225806451613,.444,.333,.682,17.7,0.6521739130434783,2,0
48,48,32.5,15.1,2.5,3.3,1.1041666666666667,0.14583333333333334,.454,.410,.879,20.7,0.4791666666666667,6,0
43,0,24.5,10.4,2.6,2.6,0.8372093023255814,0.16279069767441862,.510,.404,.781,17.5,0.7333333333333333,2,0
20,4,15.4,4.3,3.0,0.8,0.65,0.2,.403,.233,.769,12.6,0.3695652173913043,12,0
48,48,31.0,14.4,4.7,2.9,1.2291666666666667,0.5625,.452,.304,.733,23.5,0.4583333333333333,7,0
42,2,17.1,4.3,4.8,0.6,0.40476190476190477,0.8571428571428571,.414,,.630,14.2,0.7872340425531915,1,0
48,48,41.1,17.6,10.4,3.2,1.1458333333333333,1.5416666666666667,.488,.500,.604,21.2,0.3958333333333333,9,1
37,35,32.6,20.3,10.5,4.3,1.6486486486486487,0.7567567567567568,.481,.346,.763,26.3,0.7916666666666666,1,1
48,48,40.1,20.7,3.1,7.4,1.75,0.0625,.506,.490,.899,21.4,0.2916666666666667,13,1
29,0,10.2,3.7,0.8,1.4,0.3448275862068966,0.06896551724137931,.434,.375,.737,17.2,0.3958333333333333,9,0
16,0,11.5,4.3,0.4,1.6,0.125,0.0625,.347,.400,.722,24.0,0.5957446808510638,4,0
10,0,7.4,3.0,0.7,1.4,0.1,0.1,.500,.167,.778,20.2,0.4583333333333333,7,0
47,46,27.4,11.9,7.6,0.7,0.425531914893617,0.9574468085106383,.531,,.755,20.0,0.38,10,0
3,0,5.3,3.7,0.3,0.7,1.0,0.0,.500,.000,.750,35.9,0.5957446808510638,4,0
37,33,27.1,10.7,5.4,1.0,0.7297297297297297,0.5135135135135135,.486,.277,.835,18.0,0.7291666666666666,3,0
4,0,4.8,1.0,0.8,1.3,0.25,0.0,.667,,,12.4,0.41304347826086957,8,0
48,48,37.9,16.2,5.3,7.6,2.4791666666666665,0.2916666666666667,.413,.351,.755,22.8,0.4583333333333333,7,0
39,9,13.6,3.9,3.8,1.0,0.5128205128205128,0.5641025641025641,.469,.000,.571,16.6,0.4791666666666667,6,0
47,47,34.5,11.5,3.3,9.4,1.297872340425532,0.0,.480,.250,.912,16.3,0.6458333333333334,3,0
5,2,16.2,3.0,2.4,0.0,0.0,1.8,.600,.600,,5.7,0.3111111111111111,11,0
23,0,12.6,4.7,1.4,1.0,0.2608695652173913,0.17391304347826086,.464,.366,.700,16.6,0.7291666666666666,3,0
28,0,18.4,4.0,3.9,1.3,0.8928571428571429,0.25,.466,.250,.707,13.1,0.6521739130434783,2,0
45,0,15.8,5.8,1.9,1.9,0.5555555555555556,0.2,.486,.429,.784,16.9,0.7872340425531915,1,0
37,0,16.1,3.6,4.1,1.4,0.35135135135135137,0.8918918918918919,.371,.250,.750,13.7,0.6444444444444445,5,0
48,29,26.5,8.3,6.8,0.6,0.5208333333333334,3.0,.464,.000,.681,17.1,0.2916666666666667,13,0
42,18,26.9,11.6,2.8,4.9,1.619047619047619,0.21428571428571427,.433,.365,.816,24.2,0.5957446808510638,4,0
33,0,7.4,2.7,0.8,0.4,0.2727272727272727,0.030303030303030304,.393,.133,.629,20.9,0.6304347826086957,6,0
25,0,6.0,2.8,0.3,0.7,0.28,0.04,.491,.400,.867,21.5,0.6304347826086957,6,0
5,0,7.2,1.4,1.8,0.2,0.0,0.0,.300,,.333,14.5,0.6304347826086957,6,0
44,37,33.1,14.5,2.9,4.1,1.2727272727272727,0.4772727272727273,.456,.412,.864,19.2,0.41304347826086957,8,0
20,0,8.5,0.8,2.0,0.5,0.3,0.0,.179,,.500,12.9,0.23404255319148937,12,0
50,33,28.1,7.3,5.7,1.5,0.78,2.06,.437,.267,.677,13.1,0.38,10,0
33,0,13.2,3.6,1.1,1.5,1.2727272727272727,0.06060606060606061,.387,.333,.741,17.1,0.5555555555555556,8,0
39,0,15.4,5.7,3.8,0.6,0.4358974358974359,0.38461538461538464,.522,.000,.667,16.6,0.5555555555555556,7,0
38,0,10.8,3.8,1.6,0.8,0.3157894736842105,0.23684210526315788,.500,.323,.536,16.4,0.4791666666666667,6,0
45,43,30.0,12.6,5.4,2.4,1.1333333333333333,0.6666666666666666,.489,.423,.689,18.1,0.6458333333333334,3,0
36,22,31.8,17.0,3.5,1.9,0.6666666666666666,0.4166666666666667,.439,.450,.807,23.8,0.2916666666666667,13,0
44,0,21.5,9.0,2.2,1.1,0.9545454545454546,0.1590909090909091,.425,.353,.712,20.6,0.24444444444444444,14,0
47,5,22.5,4.5,6.1,0.7,0.5957446808510638,0.8936170212765957,.514,.000,.600,10.6,0.5957446808510638,4,0
7,0,4.3,0.7,1.4,0.0,0.14285714285714285,0.0,.250,,.500,11.2,0.6304347826086957,6,0
38,32,29.4,13.0,6.0,1.3,0.9473684210526315,2.0526315789473686,.469,.000,.658,20.2,0.6444444444444445,5,0
43,0,14.1,6.0,2.0,0.8,0.37209302325581395,0.09302325581395349,.396,.300,.814,22.6,0.5957446808510638,4,0
46,4,20.5,9.7,3.4,0.8,0.34782608695652173,0.8913043478260869,.545,.250,.803,20.2,0.7291666666666666,3,0
20,16,15.7,2.9,3.6,0.4,0.2,0.1,.396,,.625,10.9,0.7333333333333333,2,0
46,1,22.4,9.2,2.4,4.9,1.173913043478261,0.15217391304347827,.424,.301,.871,20.7,0.6304347826086957,6,0
33,24,16.8,4.1,3.9,0.4,0.30303030303030304,1.4848484848484849,.475,.000,.609,12.2,0.5555555555555556,8,0
40,40,36.4,22.0,8.6,2.0,1.175,0.375,.513,.355,.706,25.4,0.6444444444444445,5,1
47,2,15.1,6.1,2.5,1.0,0.3404255319148936,0.2765957446808511,.463,.231,.803,19.9,0.7291666666666666,3,0
29,29,33.8,18.2,2.7,2.8,1.6206896551724137,0.27586206896551724,.405,.335,.819,24.6,0.24444444444444444,14,0
45,39,33.1,15.9,4.2,2.0,0.9111111111111111,0.3333333333333333,.452,.351,.863,22.1,0.24444444444444444,14,0
32,0,14.8,4.0,3.4,0.5,0.40625,0.4375,.443,.350,.778,14.5,0.6304347826086957,6,0
21,8,20.7,6.1,1.2,4.7,0.8095238095238095,0.0,.368,.291,.813,18.0,0.38,10,0
3,0,8.0,2.0,1.7,0.7,0.6666666666666666,0.0,.286,1.000,.500,22.4,0.6521739130434783,2,0
38,37,36.9,19.9,10.8,3.1,0.5526315789473685,1.7894736842105263,.407,.227,.760,26.8,0.38,10,0
45,45,31.9,10.6,2.8,6.4,1.511111111111111,0.24444444444444444,.461,.244,.807,17.3,0.3695652173913043,12,0
31,4,11.6,2.4,1.0,1.5,0.4838709677419355,0.0967741935483871,.361,.313,.667,14.4,0.5957446808510638,4,0
48,0,25.4,10.7,5.4,1.3,0.7083333333333334,0.25,.545,.250,.634,18.9,0.3958333333333333,9,0
2,0,2.5,1.0,0.0,0.0,0.5,0.0,,,1.000,7.1,0.6444444444444445,5,0
47,1,14.1,4.6,2.9,0.6,0.5957446808510638,0.1702127659574468,.395,.179,.661,19.9,0.4583333333333333,7,0
46,0,13.9,4.3,1.3,2.8,0.6086956521739131,0.043478260869565216,.412,.304,.807,16.3,0.7291666666666666,3,0
7,0,4.1,0.9,0.4,0.1,0.14285714285714285,0.0,.200,.000,.333,22.0,0.6666666666666666,4,0
39,1,15.7,7.0,4.1,0.7,0.46153846153846156,0.1794871794871795,.498,,.560,22.7,0.6666666666666666,4,0
43,1,11.5,3.0,2.4,0.5,0.37209302325581395,0.3488372093023256,.444,,.750,13.7,0.3695652173913043,11,0
45,0,26.2,14.5,2.4,1.6,0.8444444444444444,0.3111111111111111,.445,.423,.882,25.1,0.6458333333333334,3,0
5,0,12.6,4.6,1.4,0.8,0.4,0.0,.333,.214,1.000,24.7,0.6444444444444445,5,0
1,0,3.0,0.0,1.0,0.0,0.0,0.0,.000,,,27.6,0.38,10,0
13,0,22.8,6.9,7.2,0.5,0.23076923076923078,0.6153846153846154,.394,,.745,17.2,0.5869565217391305,5,0
41,40,34.0,12.1,9.9,0.7,1.048780487804878,1.853658536585366,.589,.000,.547,16.4,0.5869565217391305,5,0
46,2,17.7,8.8,1.1,1.4,0.30434782608695654,0.15217391304347827,.465,.417,.776,22.1,0.6521739130434783,2,0
34,2,13.2,3.3,3.7,0.3,0.08823529411764706,0.058823529411764705,.477,.000,.630,12.3,0.391304347826087,10,0
46,9,24.0,6.8,2.3,4.2,1.108695652173913,0.021739130434782608,.471,.343,.906,14.7,0.3695652173913043,11,0
48,48,33.2,16.2,3.7,1.7,1.4791666666666667,0.8958333333333334,.431,.411,.751,22.1,0.3958333333333333,9,0
46,23,22.1,9.9,2.0,2.1,0.5434782608695652,0.043478260869565216,.375,.290,.763,23.8,0.16666666666666666,13,0
38,10,21.9,7.9,5.0,0.9,0.7105263157894737,0.7368421052631579,.574,,.673,17.7,0.43478260869565216,9,0
38,34,32.2,13.3,2.3,3.0,0.9210526315789473,0.10526315789473684,.503,.476,.753,16.8,0.6666666666666666,4,0
45,45,34.1,14.2,9.6,3.4,1.3777777777777778,2.488888888888889,.471,.171,.760,20.0,0.6444444444444445,5,0
11,8,12.6,2.8,2.8,0.5,0.18181818181818182,0.7272727272727273,.522,,.700,10.7,0.7291666666666666,3,0
29,7,23.1,8.6,1.7,4.7,0.896551724137931,0.034482758620689655,.486,.292,.651,18.8,0.41304347826086957,8,0
36,0,8.4,2.1,2.3,0.5,0.08333333333333333,0.4166666666666667,.377,,.641,15.2,0.5957446808510638,4,0
41,41,34.8,22.0,5.7,5.1,1.8048780487804879,0.5365853658536586,.428,.363,.835,26.9,0.5555555555555556,7,0
29,22,24.6,8.9,5.9,0.6,0.5862068965517241,0.7241379310344828,.448,.200,.619,19.5,0.24444444444444444,14,0
45,45,28.6,5.4,10.4,0.3,0.4666666666666667,1.488888888888889,.410,,.433,10.9,0.5555555555555556,7,0
42,42,38.0,19.8,2.5,5.1,1.0952380952380953,0.07142857142857142,.431,.308,.806,25.8,0.3695652173913043,11,1
27,0,8.2,4.0,0.9,0.9,0.14814814814814814,0.07407407407407407,.392,.185,.667,24.3,0.391304347826087,10,0
29,2,16.3,6.0,1.8,1.0,0.5862068965517241,0.5862068965517241,.475,.278,.643,18.8,0.23404255319148937,12,0
32,3,17.9,7.5,1.8,1.4,0.3125,0.03125,.455,.429,.760,19.6,0.3695652173913043,12,0
20,3,7.0,2.0,1.3,0.1,0.25,0.4,.375,,.526,17.2,0.41304347826086957,8,0
33,7,16.0,6.8,2.1,1.4,0.5757575757575758,0.30303030303030304,.427,.256,.860,21.2,0.41304347826086957,8,0
20,0,6.1,2.2,1.4,0.3,0.1,0.15,.522,,.800,16.4,0.4583333333333333,7,0
25,0,9.1,2.5,1.4,0.2,0.16,0.28,.380,,.692,16.6,0.5555555555555556,7,0
14,14,33.3,14.0,2.6,1.9,1.3571428571428572,0.35714285714285715,.448,.400,.952,18.8,0.38,10,0
36,0,24.4,10.1,2.9,2.3,0.9444444444444444,0.1111111111111111,.468,.378,.630,20.7,0.4583333333333333,7,0
34,4,14.6,3.3,1.2,2.3,0.5294117647058824,0.14705882352941177,.352,.250,.775,14.9,0.23404255319148937,12,0
46,3,22.2,7.5,2.2,2.0,0.6956521739130435,0.17391304347826086,.529,.383,.802,14.4,0.6304347826086957,6,0
44,44,35.9,17.7,3.6,2.3,0.9090909090909091,0.36363636363636365,.447,.420,.805,21.8,0.6666666666666666,4,0
45,3,23.6,10.0,2.8,0.7,0.5111111111111111,0.13333333333333333,.441,.384,.903,19.7,0.43478260869565216,9,0
39,0,8.0,3.4,1.1,0.5,0.9230769230769231,0.1282051282051282,.495,.000,.517,21.6,0.16666666666666666,13,0
24,7,23.3,8.4,6.4,0.9,0.625,1.2083333333333333,.452,.000,.707,19.3,0.41304347826086957,8,0
8,0,15.9,5.4,0.4,0.9,0.875,0.125,.385,.250,.769,16.8,0.4791666666666667,6,0
45,45,37.6,22.8,11.5,2.9,0.8444444444444444,2.0,.508,.286,.759,28.9,0.6521739130434783,2,1
33,0,11.2,4.2,1.5,0.5,0.3939393939393939,0.09090909090909091,.481,.000,.761,19.0,0.5869565217391305,5,0
47,2,15.4,7.4,1.8,1.0,0.3191489361702128,0.2765957446808511,.456,.400,.939,22.4,0.5957446808510638,4,0
26,8,14.2,4.7,3.2,0.7,0.6153846153846154,0.2692307692307692,.476,.000,.676,16.7,0.16666666666666666,13,0
22,0,10.2,3.5,1.1,1.6,0.3181818181818182,0.045454545454545456,.409,.000,.719,19.9,0.5869565217391305,5,0
37,1,18.6,4.8,1.2,2.9,0.2972972972972973,0.13513513513513514,.360,.295,.703,15.5,0.38,10,0
44,3,16.6,5.5,3.8,0.6,0.20454545454545456,0.4318181818181818,.473,.000,.676,17.6,0.23404255319148937,12,0
42,6,20.8,10.1,3.2,2.7,1.0,0.30952380952380953,.503,.439,.770,21.2,0.41304347826086957,8,0
43,0,16.1,6.8,1.8,1.7,0.5581395348837209,0.13953488372093023,.498,.392,.767,18.1,0.3695652173913043,12,0
41,33,29.3,7.0,2.8,5.3,1.2195121951219512,0.17073170731707318,.417,.290,.758,14.5,0.23404255319148937,12,0
36,8,23.7,12.3,7.1,0.6,0.5833333333333334,0.9166666666666666,.659,.000,.547,20.3,0.3111111111111111,11,0
6,0,21.3,8.0,3.7,0.8,0.5,1.3333333333333333,.593,,.727,15.3,0.6458333333333334,3,0
40,25,22.5,9.4,5.4,0.6,0.4,0.7,.560,.444,.656,18.7,0.3695652173913043,12,0
50,14,27.7,12.6,6.6,0.9,0.72,0.9,.498,.000,.761,20.9,0.38,10,0
44,41,29.9,14.7,3.8,2.7,1.6590909090909092,0.45454545454545453,.471,.370,.747,22.3,0.7333333333333333,2,0
27,2,15.1,4.6,1.1,0.9,0.5185185185185185,0.07407407407407407,.414,.250,.722,17.4,0.2916666666666667,13,0
2,0,4.0,1.0,2.5,1.0,0.0,0.0,.250,,,20.3,0.6521739130434783,2,0
43,22,27.0,13.3,7.2,1.0,0.4883720930232558,1.5348837209302326,.514,.000,.606,23.6,0.5555555555555556,8,0
17,0,14.2,6.0,0.9,2.5,1.1176470588235294,0.11764705882352941,.452,.273,.767,22.3,0.16666666666666666,13,0
43,0,21.9,8.8,3.6,0.8,0.6511627906976745,0.7674418604651163,.462,.154,.731,18.3,0.5555555555555556,7,0
43,43,36.9,12.2,9.7,2.5,1.1627906976744187,1.302325581395349,.572,,.669,13.3,0.7872340425531915,1,0
17,7,23.0,7.7,2.7,1.4,0.6470588235294118,0.058823529411764705,.372,.333,.839,20.2,0.2916666666666667,13,0
48,33,31.8,10.7,7.4,1.7,0.6875,0.3333333333333333,.487,.333,.732,14.2,0.7916666666666666,1,0
43,43,34.0,11.7,7.8,3.0,1.5348837209302326,0.7209302325581395,.430,.330,.617,18.4,0.3111111111111111,11,0
16,0,10.2,2.8,2.7,0.6,0.4375,0.0625,.356,.000,.765,17.6,0.23404255319148937,12,0
12,0,3.8,1.8,0.7,0.1,0.16666666666666666,0.25,.318,,.875,28.4,0.6666666666666666,4,0
1,0,7.0,4.0,2.0,1.0,0.0,0.0,.333,,1.000,22.4,0.7872340425531915,1,0
36,5,14.4,6.0,3.3,0.7,0.19444444444444445,0.16666666666666666,.548,.000,.750,17.9,0.43478260869565216,9,0
29,2,7.0,2.2,0.8,0.5,0.3448275862068966,0.06896551724137931,.450,.000,.360,18.5,0.6458333333333334,3,0
46,46,37.5,20.7,4.3,6.6,1.826086956521739,0.2826086956521739,.513,.363,.763,23.7,0.7872340425531915,1,1
45,45,37.4,19.8,2.8,8.6,1.4,0.2,.433,.362,.781,24.6,0.3111111111111111,11,0
46,46,35.1,12.7,2.6,6.0,1.2608695652173914,0.10869565217391304,.460,.378,.731,17.5,0.6521739130434783,2,0
48,48,23.5,8.0,2.8,2.4,1.4375,0.4166666666666667,.430,.301,.648,18.4,0.4791666666666667,6,0
44,0,14.5,6.1,2.0,1.4,0.5227272727272727,0.18181818181818182,.470,.405,.761,17.7,0.391304347826087,10,0
3,0,6.0,4.7,0.0,0.0,0.0,0.0,.375,.000,.889,30.3,0.41304347826086957,8,0
34,6,11.4,3.4,2.1,0.4,0.35294117647058826,0.8529411764705882,.415,1.000,.571,16.4,0.6444444444444445,5,0
48,48,32.3,13.6,3.8,3.2,1.3958333333333333,0.20833333333333334,.462,.429,.870,18.8,0.6458333333333334,3,0
28,0,11.4,3.7,0.7,2.6,0.32142857142857145,0.0,.457,.465,.905,13.5,0.5555555555555556,7,0
40,12,20.1,6.2,4.2,0.6,0.45,0.6,.534,.000,.635,15.0,0.6304347826086957,6,0
5,2,9.2,2.0,1.4,0.6,0.2,0.2,.250,.167,.750,13.2,0.3111111111111111,11,0
32,6,14.9,5.3,1.7,0.6,0.25,0.21875,.384,.366,.882,18.8,0.38,10,0
34,33,37.0,18.4,5.1,4.3,1.8235294117647058,1.0588235294117647,.467,.158,.759,23.9,0.3695652173913043,11,1
44,43,33.8,13.6,11.4,0.6,0.7045454545454546,0.6136363636363636,.520,,.676,19.9,0.5957446808510638,4,1
34,0,13.9,4.3,2.3,0.9,0.17647058823529413,0.3235294117647059,.441,.333,.697,15.4,0.391304347826087,10,0
47,47,33.6,16.8,2.3,4.2,1.446808510638298,0.19148936170212766,.532,.428,.836,20.6,0.7291666666666666,3,0
45,45,34.4,10.7,5.8,3.6,1.6222222222222222,1.1555555555555554,.470,.408,.744,14.5,0.6304347826086957,6,0
40,9,16.7,7.7,1.6,1.7,0.575,0.175,.412,.357,.830,22.9,0.3695652173913043,11,0
19,0,5.1,2.3,1.2,0.1,0.3684210526315789,0.15789473684210525,.425,.200,.667,24.9,0.7333333333333333,2,0
2,0,2.0,0.0,0.0,0.0,0.5,0.0,.000,.000,,11.6,0.4583333333333333,7,0
38,26,34.4,15.3,8.7,1.7,0.8157894736842105,0.23684210526315788,.481,.000,.622,22.0,0.24444444444444444,14,0
12,0,12.4,0.8,0.8,0.8,0.5833333333333334,0.0,.160,.667,,11.4,0.41304347826086957,8,0
17,17,25.3,9.2,2.0,3.6,1.3529411764705883,0.17647058823529413,.387,.320,.800,20.5,0.3695652173913043,11,0
44,1,15.1,4.3,0.9,2.9,0.4772727272727273,0.0,.382,.317,.742,17.6,0.5555555555555556,8,0
21,1,12.2,3.3,2.0,0.9,0.42857142857142855,0.23809523809523808,.368,.267,.667,17.1,0.2916666666666667,13,0
46,46,39.5,26.0,5.0,3.7,0.5434782608695652,0.21739130434782608,.475,.323,.799,28.4,0.391304347826087,10,0
46,33,28.5,7.4,3.5,7.2,1.2608695652173914,0.17391304347826086,.419,.345,.763,16.9,0.5869565217391305,5,0
44,7,24.0,8.1,1.8,5.0,1.2727272727272727,0.0,.462,.389,.872,14.2,0.3111111111111111,11,0
45,45,37.1,13.4,3.0,8.3,1.3555555555555556,0.15555555555555556,.505,.167,.661,17.7,0.6666666666666666,4,0
34,9,10.5,2.1,3.1,0.1,0.23529411764705882,0.5882352941176471,.441,,.556,11.6,0.7333333333333333,2,0
17,11,23.9,13.2,1.7,6.8,1.411764705882353,0.11764705882352941,.494,.000,.831,24.5,0.7916666666666666,1,0
47,47,39.5,18.9,7.4,4.0,0.8723404255319149,0.40425531914893614,.505,.412,.786,22.5,0.6458333333333334,3,1
11,0,12.6,4.1,1.0,1.5,0.5454545454545454,0.0,.341,.167,.813,18.5,0.23404255319148937,12,0
45,44,31.1,14.3,4.0,2.1,1.8666666666666667,0.6444444444444445,.460,.385,.730,19.6,0.6444444444444445,5,0
44,44,30.3,10.3,10.7,2.1,0.5909090909090909,0.2727272727272727,.442,.000,.691,18.1,0.391304347826087,10,0
41,0,13.5,5.3,3.6,0.3,0.2926829268292683,0.21951219512195122,.605,,.683,16.8,0.7291666666666666,3,0
45,45,33.1,18.6,10.1,1.7,1.2222222222222223,1.6888888888888889,.538,.000,.780,24.4,0.7333333333333333,2,1
48,0,22.3,7.9,1.4,2.0,0.5625,0.020833333333333332,.500,.477,.750,14.6,0.4791666666666667,6,0
27,0,14.0,5.7,3.4,0.9,0.8888888888888888,0.6666666666666666,.362,.250,.818,23.2,0.5555555555555556,7,0
44,44,35.4,9.5,5.7,7.5,2.090909090909091,0.20454545454545456,.367,.219,.659,16.3,0.391304347826087,10,0
25,10,18.6,5.5,3.9,0.5,0.68,0.32,.455,.000,.625,17.3,0.23404255319148937,12,0
2,0,8.0,0.0,2.0,0.0,0.0,0.0,.000,,,11.2,0.5869565217391305,5,0
45,24,13.0,3.9,3.4,0.6,0.2,0.26666666666666666,.460,.000,.862,14.3,0.7916666666666666,1,0
19,12,17.0,5.5,1.2,3.5,0.42105263157894735,0.10526315789473684,.411,.400,.813,19.0,0.3695652173913043,11,0
46,20,17.5,3.4,3.5,1.0,0.6304347826086957,0.8478260869565217,.410,.324,.500,10.9,0.4583333333333333,7,0
15,14,17.7,5.4,3.7,1.7,0.4666666666666667,0.13333333333333333,.380,,.900,17.7,0.4791666666666667,6,0
47,21,31.2,16.2,5.4,4.5,1.3191489361702127,0.19148936170212766,.505,.324,.746,23.2,0.4791666666666667,6,0
46,46,34.8,15.2,7.5,2.7,1.434782608695652,1.2391304347826086,.447,.417,.819,22.2,0.23404255319148937,12,0
48,29,25.8,7.9,4.6,0.8,0.4583333333333333,1.6458333333333333,.446,.500,.857,16.4,0.4583333333333333,7,0
3,0,4.0,1.0,0.0,0.0,0.0,0.0,.500,,.500,14.1,0.7916666666666666,1,0
32,11,13.4,4.9,3.8,0.3,0.3125,0.28125,.560,.000,.706,17.0,0.3695652173913043,11,0
9,0,5.8,2.3,0.2,0.3,0.3333333333333333,0.2222222222222222,.286,.300,.833,17.9,0.5555555555555556,8,0
17,0,7.7,2.2,1.0,1.9,0.11764705882352941,0.0,.296,.167,.826,17.3,0.4583333333333333,7,0
32,0,9.1,2.4,2.5,0.4,0.21875,0.4375,.414,.000,.300,17.0,0.43478260869565216,9,0
42,31,14.8,3.3,4.5,0.2,0.3333333333333333,1.1904761904761905,.482,,.500,12.3,0.3958333333333333,9,0
35,1,13.9,5.4,1.7,0.9,0.34285714285714286,0.5142857142857142,.448,.432,.692,16.6,0.3695652173913043,12,0
47,45,32.0,11.2,6.8,1.2,1.127659574468085,0.5531914893617021,.480,.357,.759,17.2,0.4583333333333333,7,0
21,0,14.4,4.9,3.6,1.0,0.38095238095238093,0.6666666666666666,.406,,.862,20.7,0.4791666666666667,6,0
11,0,20.1,7.6,2.0,2.0,0.7272727272727273,0.09090909090909091,.457,.167,.576,19.1,0.3111111111111111,11,0
43,8,16.2,6.1,3.1,1.1,0.8604651162790697,0.20930232558139536,.468,.167,.724,18.7,0.6444444444444445,5,0
12,8,27.6,14.6,5.8,1.4,0.25,0.0,.504,.333,.820,21.7,0.24444444444444444,14,0
32,3,13.4,5.8,1.5,1.2,1.34375,0.0,.400,.390,.813,21.6,0.3695652173913043,11,0
7,0,4.0,1.1,0.0,0.1,0.2857142857142857,0.0,.333,.500,.750,16.8,0.5957446808510638,4,0
29,0,7.8,2.7,2.2,0.4,0.13793103448275862,0.06896551724137931,.537,.333,.760,16.0,0.38,10,0
48,21,37.5,17.4,4.8,4.1,1.1041666666666667,0.5208333333333334,.443,.382,.729,18.7,0.7916666666666666,1,1
18,18,34.4,17.9,2.7,1.5,0.8333333333333334,0.0,.508,.385,.862,22.7,0.2916666666666667,13,0
48,48,37.5,25.7,10.2,3.4,1.5625,1.0625,.532,.286,.734,30.1,0.7291666666666666,3,1
17,0,8.8,2.9,2.7,0.4,0.11764705882352941,0.17647058823529413,.371,.500,.688,18.0,0.6666666666666666,4,0
46,19,32.8,17.9,6.0,3.3,0.8913043478260869,1.2391304347826086,.547,.286,.673,23.8,0.7916666666666666,1,0
40,0,18.2,9.2,1.1,1.7,1.175,0.05,.459,.333,.706,24.0,0.7333333333333333,2,0
37,8,25.8,10.8,4.9,1.4,0.6216216216216216,1.2972972972972974,.373,.313,.683,23.6,0.23404255319148937,12,0
1,0,14.0,2.0,2.0,1.0,0.0,1.0,.200,,,16.7,0.16666666666666666,13,0
46,46,38.2,24.3,4.3,3.4,1.0217391304347827,0.10869565217391304,.438,.337,.733,28.9,0.391304347826087,10,0
46,4,32.2,9.3,7.7,2.7,0.7391304347826086,0.2608695652173913,.514,,.655,14.4,0.6521739130434783,2,0
47,21,25.7,9.0,5.4,0.9,0.5106382978723404,0.7872340425531915,.465,.000,.723,17.3,0.16666666666666666,13,0
44,44,33.7,14.1,2.9,4.7,1.3409090909090908,0.25,.412,.331,.735,21.6,0.6304347826086957,6,0
48,27,22.8,7.0,1.0,3.6,0.8333333333333334,0.08333333333333333,.423,.406,.754,15.4,0.3958333333333333,9,0
6,0,17.8,10.0,3.5,0.8,0.3333333333333333,0.5,.615,.462,1.000,18.2,0.391304347826087,10,0
34,3,20.4,8.4,4.2,1.4,0.4411764705882353,0.38235294117647056,.469,.000,.667,20.9,0.41304347826086957,8,0
30,0,10.7,2.6,2.2,0.3,0.23333333333333334,1.2666666666666666,.563,,.774,10.5,0.24444444444444444,14,0
46,46,36.2,13.6,5.0,3.5,1.6956521739130435,0.6956521739130435,.505,.313,.745,18.0,0.5869565217391305,5,0
11,0,9.5,1.6,1.7,1.3,0.8181818181818182,0.2727272727272727,.250,.000,.800,12.5,0.5555555555555556,7,0
43,6,24.2,5.7,3.8,5.2,1.9069767441860466,0.6511627906976745,.453,.378,.692,11.9,0.7333333333333333,2,0
2,0,4.0,1.5,0.5,1.0,0.5,0.0,.200,.333,,26.9,0.43478260869565216,9,0
18,1,6.1,1.9,1.7,0.4,0.16666666666666666,0.05555555555555555,.444,,.556,15.7,0.6444444444444445,5,0
29,3,23.9,7.9,7.3,1.5,1.0344827586206897,2.103448275862069,.547,.000,.582,16.9,0.3695652173913043,11,0
46,46,33.1,19.7,2.4,2.9,1.1956521739130435,0.17391304347826086,.467,.432,.889,24.4,0.5869565217391305,5,1
46,45,34.9,11.9,4.5,1.8,0.7391304347826086,0.5217391304347826,.406,.377,.821,18.6,0.5957446808510638,4,0
46,46,36.3,16.5,8.3,2.4,0.9130434782608695,0.43478260869565216,.444,.411,.820,21.5,0.3695652173913043,11,0
25,12,20.3,7.7,2.7,1.9,0.36,0.12,.398,.270,.714,22.0,0.3695652173913043,12,0
31,5,12.6,6.4,1.7,1.0,0.45161290322580644,0.25806451612903225,.572,.286,.804,19.9,0.41304347826086957,8,0
46,6,16.0,5.9,2.8,0.7,0.4782608695652174,0.1956521739130435,.487,.000,.667,18.2,0.5869565217391305,5,0
19,1,5.9,2.6,1.2,0.2,0.10526315789473684,0.15789473684210525,.550,1.000,.375,19.0,0.3958333333333333,9,0
46,43,30.4,10.5,7.9,0.4,0.5,0.782608695652174,.525,.000,.678,15.8,0.41304347826086957,8,0
45,28,29.2,13.2,5.9,2.0,1.1555555555555554,0.8,.423,.320,.744,21.7,0.38,10,0
17,5,11.1,4.8,1.2,0.4,0.35294117647058826,0.29411764705882354,.439,.412,.686,19.1,0.3111111111111111,11,0
44,44,37.5,20.2,9.9,1.3,0.6818181818181818,3.0,.512,.200,.765,25.4,0.6458333333333334,3,1
2,2,39.0,18.0,3.5,4.0,1.5,0.5,.467,.429,1.000,21.3,0.3111111111111111,11,0
41,21,28.4,12.2,2.6,7.0,1.3658536585365855,0.12195121951219512,.412,.381,.804,22.3,0.3958333333333333,9,0
36,22,19.8,7.6,5.8,0.3,0.4166666666666667,1.5,.515,,.702,18.2,0.24444444444444444,14,0
48,32,30.9,13.9,3.9,1.4,0.875,0.6041666666666666,.406,.307,.702,23.6,0.16666666666666666,13,0
29,3,10.8,5.9,1.3,0.5,0.2413793103448276,0.034482758620689655,.412,.390,.824,25.2,0.5555555555555556,7,0
46,46,38.7,10.7,12.9,1.2,0.5,3.5869565217391304,.513,,.628,14.0,0.43478260869565216,9,1
40,1,18.0,4.1,2.1,2.0,0.775,0.175,.348,.280,.627,15.2,0.4791666666666667,6,0
17,0,10.5,1.2,2.5,0.4,0.35294117647058826,0.5294117647058824,.280,,.375,10.4,0.3695652173913043,11,0
48,6,23.2,8.1,1.7,1.3,0.8333333333333334,0.16666666666666666,.450,.341,.767,16.4,0.3958333333333333,9,0
48,24,25.9,12.5,4.9,1.4,0.4375,0.2916666666666667,.469,.344,.406,23.5,0.4583333333333333,7,0
11,0,4.5,1.1,0.6,0.2,0.0,0.18181818181818182,.300,,.857,16.0,0.6666666666666666,4,0
20,20,34.1,12.5,11.1,3.5,1.85,0.1,.509,.000,.815,17.0,0.6521739130434783,2,0
45,45,40.1,28.2,11.2,3.5,1.9555555555555555,3.466666666666667,.508,.100,.765,32.3,0.6304347826086957,6,1
5,0,5.2,1.2,0.2,0.2,0.0,0.0,.500,,.500,13.2,0.24444444444444444,14,0
46,46,36.6,29.7,10.8,2.5,0.8260869565217391,2.4130434782608696,.588,,.547,32.7,0.7872340425531915,1,1
47,27,22.9,5.7,4.4,1.2,1.3191489361702127,2.0,.519,.000,.468,12.6,0.16666666666666666,13,0
45,0,14.8,4.8,1.1,2.0,0.3333333333333333,0.0,.397,.406,.915,17.6,0.24444444444444444,14,0
41,31,31.5,13.1,6.8,3.2,1.024390243902439,0.21951219512195122,.484,.000,.607,22.0,0.3695652173913043,12,0
37,32,28.5,12.4,2.9,7.2,1.4594594594594594,0.13513513513513514,.432,.441,.776,23.0,0.43478260869565216,9,0
47,3,18.9,5.4,4.8,0.6,0.3829787234042553,0.5531914893617021,.406,,.699,17.0,0.6458333333333334,3,0
45,45,36.3,19.9,3.3,7.3,2.511111111111111,0.15555555555555556,.506,.313,.735,24.0,0.7333333333333333,2,1
36,0,12.9,5.6,1.7,1.4,0.5833333333333334,0.027777777777777776,.412,.341,.846,21.8,0.6444444444444445,5,0
6,0,3.5,1.8,0.5,0.2,0.16666666666666666,0.0,1.000,,.500,16.8,0.3695652173913043,11,0
44,44,21.0,8.5,7.0,1.0,0.4090909090909091,0.7045454545454546,.549,,.591,18.9,0.4791666666666667,6,0
45,18,28.3,12.3,4.7,1.6,0.7777777777777778,0.4666666666666667,.464,.405,.801,16.8,0.7333333333333333,2,0
48,39,27.0,10.8,2.2,5.7,2.25,0.0625,.539,.415,.829,17.9,0.7916666666666666,1,0
25,1,11.3,2.1,2.1,0.2,0.24,0.36,.396,.000,.600,11.7,0.2916666666666667,13,0
44,1,26.2,11.6,3.3,1.6,0.6363636363636364,0.11363636363636363,.424,.407,.710,20.1,0.6666666666666666,4,0
45,33,22.8,10.3,2.5,1.4,0.4666666666666667,0.3333333333333333,.496,.420,.765,18.3,0.7916666666666666,1,0
47,47,31.1,10.9,3.4,2.3,1.3191489361702127,0.3191489361702128,.418,.286,.788,19.8,0.5957446808510638,4,0
47,0,12.2,5.0,1.6,0.7,0.46808510638297873,0.1702127659574468,.380,.298,.712,21.0,0.16666666666666666,13,0
20,6,26.5,13.8,2.6,1.5,0.95,0.1,.448,.345,.882,20.4,0.3111111111111111,11,0
42,15,15.7,2.8,4.1,0.4,0.6428571428571429,0.3333333333333333,.513,,.706,8.0,0.3958333333333333,9,0
46,46,37.5,21.6,8.4,5.3,2.847826086956522,1.3043478260869565,.462,.335,.718,27.6,0.4791666666666667,6,1
44,44,31.2,10.5,8.8,0.8,0.6136363636363636,0.7045454545454546,.548,1.000,.692,15.1,0.5555555555555556,8,0
30,25,29.3,16.2,2.8,7.2,0.9,0.06666666666666667,.420,.447,.920,27.6,0.5957446808510638,4,0
30,28,32.2,18.4,8.5,1.8,1.0,1.4333333333333333,.489,.000,.762,26.7,0.41304347826086957,8,0
5,0,15.0,4.2,1.8,1.2,0.2,1.0,.643,,.750,10.6,0.6444444444444445,5,0
45,1,17.5,6.6,2.3,3.7,1.1555555555555554,0.08888888888888889,.471,.373,.686,19.0,0.3695652173913043,12,0
44,36,20.3,6.6,4.9,0.6,0.6818181818181818,0.4318181818181818,.498,,.710,16.3,0.6666666666666666,4,0
46,46,35.0,20.9,4.3,2.2,1.326086956521739,0.21739130434782608,.483,.439,.850,24.5,0.3695652173913043,12,0
46,45,36.5,11.0,3.0,8.3,1.8043478260869565,0.15217391304347827,.386,.326,.600,17.4,0.16666666666666666,13,0
45,45,37.9,22.6,4.2,3.8,1.1333333333333333,0.3111111111111111,.449,.390,.832,27.5,0.5555555555555556,8,1
46,44,36.1,21.1,3.5,3.4,0.9347826086956522,0.30434782608695654,.450,.348,.839,28.2,0.23404255319148937,12,0
15,0,8.9,4.1,1.8,0.3,0.2,0.9333333333333333,.431,.000,.643,25.5,0.16666666666666666,13,0
26,0,15.7,5.0,1.7,2.3,0.8846153846153846,0.23076923076923078,.311,.296,.702,19.3,0.6666666666666666,4,0
45,45,36.7,21.8,6.3,2.7,1.0222222222222221,1.1777777777777778,.449,.370,.698,25.8,0.5555555555555556,7,0
44,44,38.9,27.9,10.8,3.1,1.6590909090909092,3.2954545454545454,.533,.000,.779,29.4,0.6666666666666666,4,1
47,43,35.7,20.6,6.2,2.2,1.4893617021276595,0.2127659574468085,.440,.296,.775,29.7,0.3958333333333333,9,0
45,13,21.6,9.8,2.2,2.9,0.5777777777777777,0.15555555555555556,.447,.366,.592,21.9,0.5555555555555556,7,0
27,9,31.9,6.9,16.3,1.9,0.5555555555555556,0.5185185185185185,.561,.000,.588,11.0,0.6666666666666666,4,0
27,6,16.5,7.4,5.0,0.5,0.25925925925925924,0.8888888888888888,.556,.250,.544,20.5,0.3111111111111111,11,0
44,41,28.9,13.6,4.9,2.0,1.2727272727272727,0.5909090909090909,.481,.351,.652,23.1,0.43478260869565216,9,0
30,1,9.1,1.2,1.6,0.3,0.16666666666666666,0.7,.407,,.619,7.8,0.7872340425531915,1,0
47,38,30.7,10.9,6.1,1.3,0.3829787234042553,0.7446808510638298,.490,.000,.765,17.2,0.23404255319148937,12,0
45,1,16.3,6.4,1.8,2.8,0.5111111111111111,0.17777777777777778,.410,.323,.678,21.0,0.43478260869565216,9,0
43,43,28.9,9.9,4.6,3.1,0.5348837209302325,0.3488372093023256,.470,.000,.778,16.4,0.7872340425531915,1,0
30,14,17.8,6.0,5.5,0.5,0.36666666666666664,0.5333333333333333,.454,,.416,18.6,0.3111111111111111,11,0
34,1,8.4,6.0,0.6,1.2,0.35294117647058826,0.058823529411764705,.424,.395,.676,33.7,0.7916666666666666,1,0
45,15,16.9,5.3,2.7,0.7,0.9333333333333333,0.17777777777777778,.453,.310,.645,16.1,0.7291666666666666,3,0
40,23,26.5,7.7,4.6,1.7,0.625,1.225,.502,,.739,14.2,0.3695652173913043,12,0
38,17,10.2,3.6,2.4,1.1,0.21052631578947367,0.4473684210526316,.513,1.000,.654,17.9,0.7916666666666666,1,0
21,0,6.2,1.9,1.4,0.2,0.047619047619047616,0.2857142857142857,.413,,.500,19.0,0.38,10,0
45,45,34.8,18.2,6.7,3.3,1.2222222222222223,0.5333333333333333,.517,.542,.849,20.6,0.7333333333333333,2,1
44,0,17.8,9.7,1.8,1.2,0.6363636363636364,0.1590909090909091,.459,.386,.832,24.8,0.5869565217391305,5,0
27,0,16.7,10.6,1.7,1.4,0.4074074074074074,0.07407407407407407,.451,.457,.650,25.5,0.7872340425531915,1,0
42,25,26.0,12.9,3.5,1.9,1.0476190476190477,0.30952380952380953,.447,.288,.755,23.5,0.16666666666666666,13,0
32,32,30.5,12.8,8.0,1.3,0.5625,1.125,.505,,.699,19.8,0.3111111111111111,11,0
15,0,11.7,4.9,3.5,0.5,0.26666666666666666,0.3333333333333333,.596,,.786,17.4,0.23404255319148937,12,0
47,7,25.8,6.7,3.4,5.9,1.0425531914893618,0.2127659574468085,.382,.271,.714,16.0,0.7872340425531915,1,0
25,1,20.6,5.7,3.9,1.6,0.6,0.32,.392,.500,.690,16.8,0.5555555555555556,8,0
39,5,10.7,3.7,2.6,0.6,0.1794871794871795,0.07692307692307693,.437,,.686,19.1,0.4791666666666667,6,0
45,45,33.5,13.2,2.6,7.3,1.1333333333333333,0.1111111111111111,.444,.407,.920,18.5,0.24444444444444444,14,0
23,0,9.9,5.1,2.3,0.5,0.30434782608695654,0.13043478260869565,.494,,.727,24.5,0.43478260869565216,9,0
46,46,30.0,12.9,4.6,1.7,0.6521739130434783,1.2826086956521738,.462,.286,.800,21.8,0.6521739130434783,2,0
36,10,17.6,4.8,1.3,2.8,0.5,0.3611111111111111,.425,.392,.649,14.4,0.23404255319148937,12,0
37,0,14.5,6.1,2.4,0.6,0.3783783783783784,0.3783783783783784,.445,.000,.731,20.3,0.391304347826087,10,0
45,45,25.3,9.8,2.1,3.8,0.9111111111111111,0.17777777777777778,.479,.434,.864,16.6,0.6304347826086957,6,0
45,0,20.6,6.8,6.1,0.8,0.6444444444444445,0.5111111111111111,.515,.000,.560,16.2,0.5555555555555556,8,0
46,27,30.9,14.8,3.3,3.4,0.8043478260869565,0.391304347826087,.427,.299,.839,22.2,0.4583333333333333,7,0
41,4,18.2,6.6,1.9,1.6,0.9024390243902439,0.12195121951219512,.423,.365,.690,17.4,0.6444444444444445,5,0
43,43,29.3,16.5,7.5,1.2,0.4418604651162791,1.0465116279069768,.504,,.701,27.7,0.5869565217391305,5,0
16,8,18.6,5.9,3.4,1.4,0.75,0.9375,.402,.000,.488,20.9,0.16666666666666666,13,0
34,34,26.6,9.3,7.6,0.5,0.35294117647058826,0.9411764705882353,.488,,.793,17.0,0.7291666666666666,3,0
40,40,41.8,21.3,4.2,3.4,1.525,0.7,.416,.249,.760,24.9,0.3111111111111111,11,1
45,44,34.7,15.5,2.8,5.0,1.2444444444444445,0.06666666666666667,.408,.389,.735,21.7,0.6521739130434783,2,0
28,0,9.6,2.7,1.9,0.4,0.42857142857142855,0.25,.449,.000,.636,15.0,0.24444444444444444,14,0
45,45,30.5,12.3,3.6,1.8,1.1333333333333333,0.26666666666666666,.473,.286,.840,18.0,0.43478260869565216,9,0
48,48,34.6,14.6,2.9,12.2,2.1875,0.2916666666666667,.552,.457,.775,18.8,0.7291666666666666,3,1
34,33,35.5,19.2,4.9,8.4,1.8529411764705883,0.14705882352941177,.494,.302,.756,23.4,0.5555555555555556,7,0
36,8,19.1,6.0,5.3,0.6,0.4444444444444444,0.2222222222222222,.503,.000,.750,15.1,0.41304347826086957,8,0
32,1,11.2,4.4,0.9,1.5,0.53125,0.0,.425,.364,.750,20.6,0.6458333333333334,3,0
9,0,5.7,2.7,0.9,0.3,0.1111111111111111,0.0,.556,,.800,20.9,0.7916666666666666,1,0
22,0,4.2,1.8,1.2,0.1,0.09090909090909091,0.18181818181818182,.400,.000,.571,25.9,0.6304347826086957,6,0
26,1,25.0,12.4,8.4,1.3,0.8076923076923077,1.3846153846153846,.495,.333,.816,23.1,0.391304347826087,10,0
23,0,4.0,1.7,0.4,0.8,0.21739130434782608,0.043478260869565216,.348,.217,1.000,29.0,0.7872340425531915,1,0
38,3,11.9,2.9,2.3,0.5,0.47368421052631576,0.2631578947368421,.415,,.875,15.9,0.5869565217391305,5,0
36,35,33.0,13.3,8.9,1.6,0.6111111111111112,0.3611111111111111,.563,.000,.528,19.0,0.6304347826086957,6,0
32,1,22.9,9.1,2.2,3.9,0.96875,0.125,.496,.379,.778,16.8,0.6444444444444445,5,0
37,6,18.4,8.7,3.6,0.8,0.3783783783783784,0.40540540540540543,.452,,.773,23.3,0.7916666666666666,1,0
6,0,7.3,1.3,1.2,0.3,0.0,0.0,.333,.000,,13.7,0.6458333333333334,3,0
3,0,2.3,0.3,1.0,0.0,0.0,0.0,.000,,.500,22.5,0.7872340425531915,1,0
35,12,18.5,4.8,3.8,1.5,0.9142857142857143,0.2,.477,.000,.551,14.1,0.24444444444444444,14,0
10,0,5.6,1.6,0.9,0.2,0.1,0.0,.300,.000,.800,18.5,0.5555555555555556,8,0
21,2,9.2,3.7,1.5,0.6,0.2857142857142857,0.047619047619047616,.420,.391,1.000,18.5,0.7872340425531915,1,0
42,7,13.5,3.0,0.9,3.0,0.5952380952380952,0.023809523809523808,.378,.273,.622,16.3,0.2916666666666667,13,0
44,44,37.0,18.2,2.7,8.4,1.3863636363636365,0.045454545454545456,.433,.398,.762,22.0,0.6444444444444445,5,0
48,48,36.6,17.4,9.6,1.6,1.375,0.375,.512,.200,.711,21.6,0.16666666666666666,13,0
5,0,5.4,0.8,0.0,0.2,0.0,0.0,.143,.167,1.000,15.8,0.4583333333333333,7,0
10,0,11.4,1.8,1.2,0.2,0.3,0.1,.286,,.667,10.3,0.24444444444444444,14,0
48,19,16.4,5.9,1.1,1.3,0.4375,0.1875,.411,.347,.846,17.8,0.38,10,0
5,0,4.0,0.6,0.6,0.4,0.2,0.0,.100,.000,.500,29.6,0.6521739130434783,2,0
39,1,12.6,3.9,1.3,0.9,0.7692307692307693,0.1282051282051282,.513,.294,.721,15.6,0.7291666666666666,3,0
48,48,40.2,18.2,7.0,3.1,1.5833333333333333,1.0416666666666667,.432,.158,.767,24.3,0.2916666666666667,13,0
18,16,35.7,18.6,10.2,3.5,1.3888888888888888,2.0,.479,.179,.481,25.3,0.24444444444444444,14,0
44,44,32.2,11.1,2.5,6.3,1.1818181818181819,0.045454545454545456,.447,.343,.937,17.1,0.5555555555555556,8,0
42,1,16.5,6.3,3.1,0.6,0.3333333333333333,0.2619047619047619,.504,.000,.804,18.0,0.4791666666666667,6,0
46,36,28.4,7.7,2.4,5.5,1.6521739130434783,0.1956521739130435,.405,.422,.750,13.9,0.41304347826086957,8,0
39,39,33.9,14.1,3.3,2.6,0.9230769230769231,0.38461538461538464,.458,.200,.841,21.1,0.23404255319148937,12,0
32,30,23.0,8.0,6.1,0.3,0.34375,1.53125,.578,,.446,16.5,0.3695652173913043,11,0
24,0,7.4,1.8,0.5,1.1,0.16666666666666666,0.0,.304,.167,1.000,17.1,0.6666666666666666,4,0
36,2,11.1,3.6,1.1,1.9,0.5833333333333334,0.027777777777777776,.439,.397,.700,13.9,0.391304347826087,10,0
42,40,33.3,19.0,4.9,2.6,1.0714285714285714,0.16666666666666666,.409,.388,.796,27.8,0.41304347826086957,8,0
11,0,4.4,0.9,1.0,0.0,0.09090909090909091,0.36363636363636365,.154,.000,.750,18.8,0.3958333333333333,9,0
45,45,29.4,8.1,8.1,1.1,0.9111111111111111,0.7555555555555555,.489,.500,.659,13.1,0.5555555555555556,7,0
25,1,14.7,4.7,2.7,0.5,0.36,1.04,.543,,.696,15.3,0.6521739130434783,2,0
46,46,35.3,12.7,7.2,2.4,1.1521739130434783,1.391304347826087,.450,.250,.667,20.4,0.5957446808510638,4,0
47,3,12.4,4.4,5.2,0.4,0.3829787234042553,0.3617021276595745,.460,.000,.537,19.1,0.38,10,0
27,0,11.9,3.0,1.9,0.7,0.3333333333333333,0.07407407407407407,.376,.364,.467,18.9,0.5869565217391305,5,0
39,37,37.3,19.1,11.2,1.4,0.8717948717948718,0.5641025641025641,.480,.200,.725,24.7,0.3695652173913043,12,0
46,45,27.2,3.2,7.7,1.5,0.6739130434782609,1.7826086956521738,.427,,.385,7.4,0.391304347826087,10,0
1,1,28.0,6.0,1.0,3.0,2.0,0.0,.250,,.800,12.7,0.23404255319148937,12,0
32,22,13.7,3.7,2.7,1.4,0.625,0.09375,.441,.000,.483,17.2,0.6521739130434783,2,0
38,34,28.6,11.9,4.3,3.2,1.2894736842105263,0.7105263157894737,.424,.300,.733,21.4,0.43478260869565216,9,0
47,36,25.1,6.3,6.4,0.9,1.0212765957446808,0.5106382978723404,.506,.000,.775,12.6,0.2916666666666667,13,0
44,44,35.1,15.1,4.5,4.0,1.6590909090909092,0.6590909090909091,.421,.314,.703,23.2,0.5555555555555556,8,0
15,0,9.8,3.1,1.7,0.8,0.26666666666666666,0.13333333333333333,.450,,.786,15.8,0.5555555555555556,8,0
23,2,7.1,1.1,0.8,0.8,0.17391304347826086,0.043478260869565216,.270,.000,.625,13.8,0.6458333333333334,3,0
15,0,3.9,2.0,1.6,0.2,0.2,0.13333333333333333,.361,.222,.500,33.1,0.7333333333333333,2,0
42,3,9.1,1.3,2.0,0.6,0.14285714285714285,0.14285714285714285,.489,.000,.900,8.1,0.6458333333333334,3,0
41,6,15.5,4.7,2.7,0.7,0.3902439024390244,0.14634146341463414,.455,.360,.808,13.2,0.3111111111111111,11,0
41,3,9.5,2.3,0.9,2.3,0.8292682926829268,0.0,.314,.271,.722,15.8,0.16666666666666666,13,0
44,13,17.8,5.1,1.7,3.5,1.0454545454545454,0.11363636363636363,.404,.373,.738,16.4,0.5869565217391305,5,0
45,21,24.1,10.6,5.6,0.4,0.4444444444444444,1.2222222222222223,.463,.000,.681,23.1,0.2916666666666667,13,0
7,0,11.0,3.4,0.7,1.7,0.5714285714285714,0.0,.529,.417,1.000,12.1,0.3958333333333333,9,0
